0 0.6857465277777778 0.09897222222222223 0.09649305555555543 0.04893518518518518
0 0.2294444444444444 0.1446574074074074 0.03855902777777784 0.02012962962962964
0 0.34123263888888883 0.15244444444444444 0.06187500000000017 0.027907407407407395
0 0.9114930555555555 0.15600925925925926 0.05864583333333368 0.028203703703703686
0 0.29336805555555556 0.015759259259259258 0.04737847222222216 0.021592592592592594
0 0.5060590277777778 0.16123148148148148 0.11425347222222212 0.05953703703703705
0 0.22788194444444443 0.1785 0.04029513888888895 0.016490740740740743
0 0.8942013888888888 0.21394444444444444 0.058802083333333144 0.027324074074074067
0 0.33927083333333324 0.21747222222222223 0.07284722222222229 0.03648148148148146
0 0.7485937500000001 0.2347037037037037 0.1107812499999999 0.06891666666666667
0 0.15678819444444436 0.24207407407407408 0.14251736111111096 0.13357407407407407
0 0.2821180555555556 0.24334259259259258 0.0397569444444446 0.014472222222222218
0 0.5374305555555554 0.26632407407407405 0.11388888888888873 0.06307407407407407
0 0.9904513888888888 0.2796296296296296 0.015625 0.024074074074074074
0 0.9766493055555555 0.2811388888888889 0.03069444444444416 0.01997222222222227
0 0.03546874999999991 0.2944629629629629 0.047326388888888876 0.022842592592592553
0 0.017361111111111112 0.03148148148148148 0.034722222222222224 0.03518518518518519
0 0.3325173611111111 0.3066759259259259 0.07109375000000008 0.03280555555555551
0 0.9956597222222222 0.3212962962962963 0.005208333333333333 0.009259259259259259
0 0.5098090277777777 0.32458333333333333 0.04248263888888894 0.021472222222222274
0 0.04857638888888892 0.3252777777777778 0.038940972222222335 0.01412962962962962
0 0.6838715277777779 0.3258333333333333 0.08869791666666692 0.0434259259259259
0 0.16968750000000002 0.32887962962962963 0.03562499999999997 0.013583333333333296
0 0.9096180555555556 0.33099074074074075 0.016961805555555525 0.005972222222222264
0 0.2726388888888888 0.3333240740740741 0.06171874999999992 0.02844444444444447
0 0.9320138888888887 0.33693518518518517 0.030260416666666384 0.0143240740740741
0 0.9568750000000001 0.33825925925925926 0.025052083333333048 0.013842592592592635
0 0.7926215277777777 0.34144444444444444 0.06630208333333343 0.040462962962963006
0 0.7199131944444446 0.3433333333333333 0.0962152777777779 0.04201851851851852
0 0.9746180555555557 0.3449537037037037 0.01453124999999981 0.0060555555555555215
0 0.9921875 0.34953703703703703 0.012152777777777778 0.010185185185185186
0 0.05322916666666661 0.035833333333333335 0.049479166666666664 0.03396296296296297
0 0.4975520833333334 0.3526388888888889 0.029496527777777795 0.01698148148148151
0 0.8829340277777776 0.35280555555555554 0.02897569444444454 0.01875925925925925
0 0.22489583333333327 0.35855555555555557 0.037638888888889 0.012092592592592542
0 0.9032812499999999 0.3610185185185185 0.020434027777777745 0.010092592592592571
0 0.9253298611111112 0.3649444444444444 0.022552083333332956 0.011277777777777732
0 0.42958333333333343 0.36498148148148146 0.06434027777777768 0.03259259259259263
0 0.9458680555555554 0.3693148148148148 0.022430555555555683 0.014601851851851835
0 0.9665798611111112 0.3716203703703704 0.02347222222222219 0.010416666666666666
0 0.9836284722222222 0.37623148148148144 0.01560763888888851 0.010231481481481439
0 0.9939236111111112 0.38055555555555554 0.008680555555555556 0.011111111111111112
0 0.8482638888888887 0.38077777777777777 0.029079861111111112 0.014935185185185182
0 0.14145833333333335 0.3829722222222222 0.24081597222222229 0.09994444444444449
0 0.6063368055555556 0.384712962962963 0.12421875000000011 0.06476851851851856
0 0.8951215277777776 0.3876759259259259 0.020260416666666795 0.01233333333333338
0 0.9193055555555555 0.3884537037037037 0.02501736111111086 0.014648148148148195
0 0.9367187499999999 0.39375925925925925 0.025920138888888604 0.015675925925925878
0 0.9574652777777778 0.3984722222222222 0.0206076388888887 0.010120370370370325
0 0.9748784722222221 0.4015925925925926 0.026336805555555683 0.011194444444444474
0 0.9900694444444444 0.40278703703703705 0.017968749999999842 0.010527777777777782
0 0.11465277777777771 0.4031944444444444 0.0656944444444443 0.02596296296296293
0 0.8195312499999999 0.4040277777777778 0.017673611111110828 0.008055555555555597
0 0.8431770833333334 0.40664814814814815 0.023767361111111204 0.01529629629629628
0 0.8659722222222221 0.4129074074074074 0.03140625000000025 0.02000000000000002
0 0.8867013888888889 0.41355555555555557 0.01956597222222219 0.0075185185185185225
0 0.9083854166666667 0.41541666666666666 0.022569444444444444 0.0076574074074073906
0 0.9270659722222222 0.4185833333333333 0.018750000000000315 0.008657407407407428
0 0.5190277777777779 0.41865740740740737 0.057795138888888827 0.027462962962962932
0 0.948923611111111 0.4212777777777778 0.026909722222222224 0.011444444444444457
0 0.9667187499999998 0.4217592592592593 0.029409722222222316 0.01609259259259259
0 0.021649305555555602 0.4239537037037037 0.032222222222222124 0.012768518518518485
0 0.982361111111111 0.4251666666666667 0.024357638888889237 0.010990740740740745
0 0.9939236111111112 0.42777777777777776 0.008680555555555556 0.009259259259259259
0 0.7868402777777779 0.4292407407407407 0.025746527777777653 0.009296296296296263
0 0.8111979166666666 0.4295185185185185 0.022777777777777588 0.014777777777777812
0 0.8357986111111112 0.43372222222222223 0.018715277777778126 0.007666666666666641
0 0.36513888888888896 0.43593518518518515 0.19213541666666678 0.0967314814814815
0 0.8584722222222223 0.43644444444444447 0.0188368055555554 0.0121203703703704
0 0.8781944444444443 0.4385925925925926 0.021145833333333048 0.01212962962962965
0 0.899392361111111 0.4406759259259259 0.02071180555555527 0.008407407407407445
0 0.9194097222222221 0.44319444444444445 0.023628472222222443 0.011120370370370362
0 0.1597569444444444 0.4455092592592592 0.039322916666666825 0.023666666666666617
0 0.9539583333333334 0.4462962962962963 0.01680555555555527 0.009212962962963004
0 0.9707291666666669 0.44708333333333333 0.016423611111111173 0.008935185185185164
0 0.9868402777777779 0.449712962962963 0.01230902777777803 0.007546296296296275
0 0.7574479166666666 0.44990740740740737 0.020260416666666795 0.009749999999999974
0 0.7821180555555556 0.45225925925925925 0.026805555555555652 0.011074074074074108
0 0.8280034722222224 0.45775925925925925 0.017656250000000127 0.01514814814814816
0 0.8023784722222224 0.4587685185185185 0.023715277777777526 0.015287037037037028
0 0.8507638888888889 0.4588148148148148 0.024392361111111427 0.010175925925925934
0 0.8718229166666668 0.4598240740740741 0.0212847222222226 0.010574074074074036
0 0.8906597222222222 0.46212037037037035 0.015381944444444665 0.008564814814814815
0 0.09635416666666667 0.46296296296296297 0.19270833333333334 0.07407407407407407
0 0.9280555555555554 0.4644259259259259 0.02394097222222216 0.009138888888888893
0 0.9084548611111111 0.46458333333333335 0.021909722222222032 0.009277777777777762
0 0.30203125000000003 0.46575925925925926 0.10435763888888872 0.034037037037037025
0 0.9626736111111112 0.46644444444444444 0.022135416666666668 0.011990740740740783
0 0.9448958333333333 0.4666111111111111 0.01725694444444454 0.007768518518518506
0 0.7572743055555556 0.46979629629629627 0.026388888888888573 0.01863888888888899
0 0.7309895833333333 0.4715555555555555 0.01499999999999978 0.008648148148148072
0 0.017361111111111112 0.47453703703703703 0.034722222222222224 0.03611111111111111
0 0.7799305555555556 0.475425925925926 0.02970486111111133 0.014259259259259343
0 0.8015972222222223 0.4780555555555555 0.021354166666666983 0.009435185185185236
0 0.8706423611111112 0.47847222222222224 0.02057291666666651 0.011611111111111077
0 0.006076388888888889 0.47824074074074074 0.012152777777777778 0.023148148148148147
0 0.8243923611111109 0.479324074074074 0.022552083333332956 0.01292592592592596
0 0.901875 0.4799907407407407 0.020017361111111458 0.014240740740740842
0 0.8463715277777778 0.48008333333333336 0.018020833333333524 0.01313888888888894
0 0.2425520833333334 0.48104629629629625 0.041215277777777795 0.016314814814814713
0 0.8862847222222222 0.4813425925925926 0.02682291666666635 0.013620370370370404
0 0.9209375000000001 0.4833518518518518 0.015381944444444665 0.009175925925926002
0 0.2755381944444445 0.48353703703703704 0.04022569444444457 0.014027777777777861
0 0.9365972222222223 0.48519444444444443 0.015989583333333397 0.00764814814814814
0 0.5120312499999999 0.49184259259259266 0.04446180555555538 0.020740740740740823
0 0.7043229166666668 0.49377777777777776 0.0294965277777774 0.014175925925925875
0 0.7262326388888888 0.4955925925925926 0.027274305555555618 0.016564814814814907
0 0.7518055555555555 0.49630555555555556 0.013732638888888636 0.006592592592592491
0 0.7781250000000001 0.4964907407407408 0.018819444444444697 0.007879629629629622
0 0.8003125 0.49748148148148147 0.018802083333333205 0.008916666666666767
0 0.8216493055555555 0.49839814814814815 0.022708333333333205 0.010101851851851928
0 0.8426909722222224 0.5002037037037037 0.01954861111111149 0.010361111111111161
0 0.8598784722222221 0.5007962962962963 0.02003472222222216 0.00960185185185175
0 0.9127951388888889 0.5020092592592592 0.0184548611111113 0.009333333333333266
0 0.8787326388888891 0.5020648148148148 0.014930555555555398 0.009648148148148215
0 0.8951736111111109 0.5026574074074074 0.02357638888888876 0.011907407407407315
0 0.4452430555555556 0.5040462962962963 0.054739583333333286 0.024305555555555556
0 0.016250000000000025 0.5050277777777777 0.03008680555555543 0.0179907407407408
0 0.6288368055555557 0.5066018518518518 0.07715277777777788 0.036759259259259304
0 0.015625 0.5106481481481482 0.03125 0.012037037037037037
0 0.2238020833333333 0.5126018518518519 0.078125 0.027009259259259327
0 0.7025000000000001 0.5152129629629629 0.024253472222221874 0.010490740740740674
0 0.7504166666666667 0.5170277777777778 0.016684027777778 0.011175925925925867
0 0.7278819444444444 0.5171944444444445 0.028142361111111173 0.014277777777777846
0 0.7935763888888887 0.5178981481481482 0.018246527777778156 0.009842592592592694
0 0.7722048611111111 0.5180925925925925 0.021527777777777937 0.01033333333333341
0 0.8346006944444445 0.5183611111111112 0.020329861111111173 0.013231481481481448
0 0.8169097222222221 0.5186296296296297 0.025329861111111365 0.013981481481481397
0 0.8521354166666666 0.5187037037037038 0.015850694444444632 0.009101851851851785
0 0.8883506944444446 0.5195925925925926 0.013194444444444287 0.006027777777777769
0 0.8716145833333333 0.5198333333333333 0.022517361111110763 0.009000000000000025
0 0.0898611111111111 0.5209537037037038 0.05951388888888884 0.04189814814814815
0 0.47282986111111114 0.52175 0.031770833333333255 0.015370370370370286
0 0.5728125000000001 0.5217777777777778 0.022170138888888857 0.009351851851851768
0 0.5274652777777779 0.523537037037037 0.06663194444444463 0.0613981481481481
0 0.04347222222222216 0.5264722222222222 0.03743055555555546 0.034416666666666734
0 0.07243055555555561 0.5273240740740741 0.04819444444444443 0.03413888888888879
0 0.37416666666666665 0.5336388888888889 0.119670138888889 0.07888888888888893
0 0.7267534722222221 0.5338055555555555 0.027517361111110954 0.013351851851851919
0 0.7706944444444446 0.5344351851851853 0.018697916666666634 0.009611111111111213
0 0.8651215277777777 0.5347037037037037 0.012708333333333618 0.005768518518518536
0 0.8303125 0.5351296296296297 0.018090277777777903 0.00678703703703697
0 0.7467708333333335 0.5352777777777779 0.027118055555555368 0.014722222222222307
0 0.6768055555555554 0.5353981481481481 0.01564236111111149 0.007583333333333384
0 0.8488368055555556 0.5354351851851852 0.015538194444444129 0.00560185185185181
0 0.7021354166666668 0.5354722222222221 0.024305555555555556 0.01087962962962963
0 0.7904340277777777 0.5360833333333334 0.012395833333333113 0.0080740740740741
0 0.8099652777777777 0.5364629629629629 0.007604166666666856 0.008657407407407324
0 0.12227430555555546 0.5481111111111111 0.05737847222222214 0.027435185185185285
0 0.10055555555555548 0.5502962962962964 0.026319444444444586 0.015268518518518527
0 0.8233159722222223 0.5522037037037038 0.0173784722222226 0.008555555555555565
0 0.6503993055555557 0.5527962962962962 0.024201388888888984 0.014398148148148106
0 0.8056944444444443 0.5532592592592592 0.014392361111111049 0.010935185185185135
0 0.6756770833333334 0.5537407407407408 0.022013888888888604 0.013629629629629655
0 0.8402951388888888 0.5538518518518518 0.012170138888889268 0.004990740740740834
0 0.46361111111111103 0.5544722222222223 0.04187499999999981 0.03288888888888887
0 0.7622048611111111 0.5552962962962963 0.02065972222222238 0.013740740740740665
0 0.6998784722222224 0.5555740740740741 0.016597222222222128 0.007740740740740648
0 0.045034722222222316 0.5556574074074074 0.033090277777777684 0.025583333333333434
0 0.7421875 0.5556851851851852 0.01230902777777803 0.007287037037036936
0 0.7215277777777777 0.5569814814814814 0.025850694444444225 0.014925925925925825
0 0.08543402777777784 0.5631018518518518 0.020763888888888953 0.018824074074074007
0 0.4097916666666666 0.056935185185185186 0.06319444444444461 0.03561111111111111
0 0.12041666666666669 0.5680925925925926 0.017690972222222316 0.010518518518518425
0 0.8219791666666667 0.5682962962962963 0.02446180555555581 0.01099074074074064
0 0.21322916666666675 0.569675925925926 0.056145833333333194 0.019435185185185194
0 0.7613715277777777 0.5704907407407407 0.01734374999999962 0.007157407407407424
0 0.7998611111111111 0.57075 0.02395833333333365 0.011648148148148081
0 0.780486111111111 0.570787037037037 0.02461805555555527 0.012074074074074041
0 0.6724652777777776 0.5719814814814815 0.020434027777777745 0.011814814814814806
0 0.7186458333333334 0.5729814814814815 0.03008680555555543 0.010009259259259209
0 0.28345486111111107 0.5734444444444445 0.028767361111111 0.011185185185185118
0 0.6496527777777779 0.5738981481481481 0.022777777777777588 0.008175925925925859
0 0.5958854166666667 0.5756481481481482 0.029774305555555713 0.012120370370370295
0 0.5365624999999999 0.5757592592592593 0.05383680555555554 0.02705555555555558
0 0.7609201388888889 0.5865370370370371 0.017569444444444256 0.013787037037037129
0 0.7192361111111111 0.5890648148148149 0.03701388888888917 0.014500000000000075
0 0.02156249999999993 0.5930092592592593 0.03732638888888889 0.02274074074074069
0 0.5982118055555556 0.5940648148148149 0.011510416666666856 0.008120370370370354
0 0.18480902777777786 0.6004722222222222 0.050989583333333144 0.025685185185185193
0 0.45298611111111103 0.6033425925925926 0.045434027777777906 0.034722222222222224
0 0.29418402777777786 0.6091666666666666 0.02046874999999994 0.010666666666666649
0 0.6269444444444443 0.6091851851851852 0.012638888888889236 0.006657407407407458
0 0.5754687500000001 0.614462962962963 0.017031249999999904 0.015175925925926018
0 0.7357812499999999 0.6170833333333334 0.019357638888889046 0.009666666666666717
0 0.6745486111111111 0.6225925925925926 0.01843749999999981 0.011546296296296322
0 0.2855208333333334 0.6407685185185185 0.08871527777777762 0.04145370370370369
0 0.7039930555555556 0.6457407407407407 0.00892361111111089 0.007629629629629638
0 0.20970486111111106 0.646537037037037 0.03874999999999989 0.017935185185185085
0 0.2081770833333333 0.6494444444444444 0.04315972222222205 0.028388888888888963
0 0.6622222222222223 0.6497962962962963 0.01006944444444476 0.007074074074074167
0 0.6181076388888889 0.6529351851851851 0.008663194444444066 0.006703703703703712
0 0.39975694444444443 0.6556759259259259 0.05553819444444446 0.017694444444444353
0 0.5697569444444444 0.658425925925926 0.009809027777777935 0.00722222222222218
0 0.5182118055555556 0.6629444444444444 0.010347222222222285 0.007453703703703661
0 0.7057465277777778 0.6668425925925926 0.012378472222222412 0.0074814814814814145
0 0.6629513888888887 0.6708425925925926 0.011024305555555398 0.00764814814814814
0 0.6189930555555555 0.6760462962962963 0.009357638888888667 0.007898148148148123
0 0.5715104166666668 0.6815277777777777 0.010694444444444586 0.00787037037037037
0 0.5189236111111111 0.6875462962962963 0.010190972222222032 0.007898148148148123
0 0.17449652777777777 0.07544444444444445 0.03656249999999991 0.017287037037037024
0 0.2901909722222222 0.08328703703703703 0.062152777777777696 0.030333333333333323
0 0.9347569444444446 0.08963888888888889 0.08500000000000006 0.04713888888888888