0 0.7425868055555556 0.12610185185185185 0.15050347222222232 0.10605555555555557
0 0.6201909722222223 0.14157407407407407 0.03526041666666657 0.024518518518518537
0 0.7994270833333333 0.1774074074074074 0.04067708333333305 0.03064814814814817
0 0.03993055555555555 0.18935185185185185 0.0798611111111111 0.06759259259259259
0 0.3400000000000001 0.21682407407407406 0.06440972222222206 0.030037037037037036
0 0.4261979166666667 0.22386111111111112 0.03031250000000006 0.022101851851851855
0 0.20762152777777784 0.22762962962962965 0.061197916666666664 0.03947222222222222
0 0.6418576388888889 0.24452777777777776 0.04215277777777812 0.03806481481481483
0 0.5112326388888889 0.2804074074074074 0.12100694444444453 0.10624074074074075
0 0.11748263888888882 0.28721296296296295 0.09149305555555563 0.039083333333333366
0 0.9129340277777777 0.29474074074074075 0.04890625000000012 0.05772222222222225
0 0.3087500000000001 0.30850925925925926 0.04078125000000002 0.033351851851851834
0 0.9625347222222224 0.3368611111111111 0.06262152777777806 0.021657407407407396
0 0.07152777777777786 0.34028703703703705 0.08020833333333341 0.03517592592592594
0 0.07383680555555551 0.35347222222222224 0.05109375000000011 0.026000000000000037
0 0.37095486111111103 0.36347222222222225 0.03237847222222238 0.02260185185185182
0 0.5468055555555557 0.3834814814814815 0.05531249999999983 0.04650925925925928
0 0.9878472222222222 0.425 0.020833333333333332 0.027777777777777776
0 0.7385069444444446 0.4436481481481481 0.07239583333333302 0.043222222222222176
0 0.4233854166666667 0.46572222222222226 0.04536458333333352 0.0279074074074075
0 0.7565624999999999 0.4926296296296296 0.028958333333333048 0.01648148148148144
0 0.15960069444444436 0.5021111111111111 0.03012152777777762 0.017685185185185102
0 0.6503645833333331 0.5046481481481482 0.06741319444444432 0.042805555555555576
0 0.15331597222222212 0.5063888888888889 0.016996527777777715 0.010925925925925884
0 0.1359895833333334 0.5091944444444444 0.019079861111111127 0.012222222222222264
0 0.5149652777777778 0.5472870370370371 0.07611111111111096 0.03244444444444441
0 0.15623263888888891 0.5603796296296296 0.05152777777777789 0.026148148148148156
0 0.8452430555555553 0.5607592592592593 0.14538194444444408 0.09730555555555548
0 0.9539930555555556 0.05694444444444444 0.08854166666666667 0.08055555555555556
0 0.7762847222222224 0.5707222222222222 0.02897569444444454 0.01594444444444447
0 0.6458680555555555 0.5739537037037037 0.06342013888888924 0.03339814814814809
0 0.7038541666666668 0.5880462962962963 0.04822916666666702 0.026231481481481415
0 0.3587152777777778 0.6017962962962964 0.12197916666666665 0.06525000000000003
0 0.06291666666666668 0.6123796296296297 0.04685763888888891 0.022916666666666665
0 0.5391666666666666 0.6198425925925926 0.07218749999999988 0.036037037037037103
0 0.056822916666666695 0.6310648148148148 0.06048611111111097 0.020277777777777863
0 0.7968402777777778 0.6492314814814815 0.029965277777778156 0.017009259259259158
0 0.7196701388888889 0.6709814814814814 0.11213541666666692 0.054018518518518445
0 0.49272569444444436 0.7085277777777778 0.06173611111111102 0.02618518518518516
0 0.5690798611111111 0.7664537037037037 0.08725694444444462 0.049314814814814804
0 0.40616319444444454 0.7681018518518518 0.04562499999999995 0.029361111111111143
0 0.9713541666666666 0.7837962962962963 0.05381944444444445 0.06759259259259259