0 0.537013888888889 0.16740740740740742 0.12295138888888878 0.10532407407407407
0 0.6970659722222222 0.1959537037037037 0.19501736111111098 0.05461111111111113
0 0.9826388888888888 0.2037037037037037 0.03125 0.025925925925925925
0 0.6311805555555554 0.2369814814814815 0.05322916666666661 0.024111111111111076
0 0.92625 0.26839814814814816 0.05597222222222184 0.024453703703703675
0 0.5599479166666667 0.27973148148148147 0.05401041666666649 0.024731481481481514
0 0.7314930555555554 0.3258333333333333 0.03539930555555534 0.01045370370370367
0 0.7591493055555555 0.32995370370370375 0.018385416666666918 0.02100925925925931
0 0.5387500000000001 0.3335648148148148 0.05355902777777762 0.024388888888888918
0 0.8888888888888888 0.39305555555555555 0.21875 0.13240740740740742
0 0.4438368055555555 0.4045648148148148 0.12736111111111093 0.08923148148148148
0 0.42270833333333335 0.4627777777777778 0.035208333333333286 0.02741666666666668
0 0.7504340277777778 0.5102129629629629 0.10583333333333339 0.07204629629629625
0 0.8818923611111111 0.5469259259259259 0.13326388888888926 0.10078703703703695
0 0.40465277777777786 0.5804907407407407 0.04098958333333316 0.021175925925925824
0 0.35642361111111104 0.6147222222222222 0.05562499999999994 0.05723148148148143
0 0.47611111111111115 0.6251851851851852 0.027013888888888796 0.01573148148148149
0 0.41920138888888897 0.6505833333333333 0.025763888888888746 0.01412037037037037
0 0.38348958333333333 0.705324074074074 0.015607638888888905 0.017944444444444544
0 0.49090277777777774 0.7279166666666667 0.10175347222222204 0.06857407407407402