0 0.6267361111111112 0.09531481481481481 0.1505902777777776 0.09664814814814815
0 0.03819444444444445 0.1 0.0763888888888889 0.03888888888888889
0 0.7230381944444445 0.11548148148148148 0.03359374999999984 0.023250000000000014
0 0.38413194444444443 0.11700925925925926 0.12312500000000012 0.06821296296296298
0 0.18887152777777771 0.12241666666666667 0.07980902777777782 0.04198148148148146
0 0.7706770833333335 0.1237037037037037 0.055659722222222124 0.03087962962962965
0 0.9265972222222223 0.12693518518518518 0.12350694444444422 0.11199999999999997
0 0.9921875 0.13472222222222222 0.012152777777777778 0.028703703703703703
0 0.11946180555555547 0.17223148148148149 0.07585069444444453 0.0434259259259259
0 0.008680555555555556 0.17407407407407408 0.017361111111111112 0.018518518518518517
0 0.8469965277777776 0.17573148148148146 0.030000000000000346 0.02012962962962964
0 0.4083680555555556 0.019175925925925926 0.10861111111111102 0.03834259259259259
0 0.76734375 0.19512962962962963 0.05493055555555534 0.027037037037037026
0 0.013020833333333334 0.2023148148148148 0.026041666666666668 0.01574074074074074
0 0.47784722222222226 0.21236111111111108 0.11239583333333335 0.11641666666666668
0 0.8034201388888889 0.02171296296296296 0.06298611111111146 0.04342592592592592
0 0.23302083333333337 0.21566666666666665 0.059583333333333224 0.028657407407407395
0 0.3617708333333333 0.22091666666666668 0.05725694444444448 0.03184259259259258
0 0.17555555555555558 0.22844444444444445 0.05803819444444455 0.029675925925925935
0 0.8759374999999999 0.24125000000000002 0.030277777777777872 0.016194444444444452
0 0.11567708333333332 0.24335185185185185 0.05536458333333351 0.02373148148148148
0 0.0234375 0.25 0.046875 0.03888888888888889
0 0.8075868055555557 0.2651481481481482 0.06657986111111096 0.05595370370370366
0 0.9861111111111112 0.2986111111111111 0.024305555555555556 0.04722222222222222
0 0.19338541666666664 0.3027037037037037 0.025052083333333443 0.017555555555555588
0 0.6747569444444446 0.3086203703703704 0.03439236111111102 0.016203703703703703
0 0.020833333333333332 0.3101851851851852 0.041666666666666664 0.03148148148148148
0 0.3210416666666666 0.32260185185185186 0.03973958333333351 0.016870370370370397
0 0.2613715277777777 0.3233888888888889 0.03182291666666654 0.018435185185185155
0 0.5267013888888888 0.33361111111111114 0.056909722222222174 0.020685185185185216
0 0.39289930555555547 0.3350648148148148 0.14572916666666677 0.09130555555555557
0 0.018229166666666668 0.034722222222222224 0.036458333333333336 0.025
0 0.9864409722222223 0.3494351851851852 0.016163194444444348 0.018805555555555506
0 0.8324652777777778 0.35083333333333333 0.06798611111111086 0.039074074074074115
0 0.11482638888888887 0.36191666666666666 0.1562152777777778 0.08600925925925924
0 0.2315625 0.36721296296296296 0.05755208333333349 0.03793518518518521
0 0.6318402777777778 0.37042592592592594 0.09463541666666685 0.0507592592592593
0 0.018229166666666668 0.3736111111111111 0.036458333333333336 0.023148148148148147
0 0.9596874999999999 0.3751296296296296 0.04854166666666673 0.02000000000000002
0 0.8762326388888889 0.377712962962963 0.14119791666666653 0.06811111111111116
0 0.45078124999999997 0.38507407407407407 0.05420138888888894 0.02398148148148146
0 0.7192708333333333 0.39511111111111114 0.08592013888888851 0.0908796296296296
0 0.9288194444444444 0.40046296296296297 0.1388888888888889 0.0787037037037037
0 0.2627777777777778 0.4027777777777778 0.034635416666666745 0.028203703703703738
0 0.5228298611111111 0.4081759259259259 0.13395833333333348 0.07688888888888885
0 0.8808854166666669 0.40864814814814815 0.024913194444444287 0.007564814814814777
0 0.9068576388888887 0.4115185185185185 0.03703124999999988 0.020101851851851885
0 0.8796527777777778 0.41300925925925924 0.02189236111111133 0.010240740740740691
0 0.7443055555555556 0.043083333333333335 0.05453124999999975 0.03512037037037038
0 0.0763715277777778 0.426287037037037 0.06559027777777773 0.03243518518518516
0 0.7019097222222221 0.4351203703703704 0.14487847222222192 0.05949999999999999
0 0.20065972222222228 0.4483518518518519 0.07098958333333351 0.030638888888888917
0 0.8034201388888889 0.4485740740740741 0.1421006944444443 0.0738425925925926
0 0.30526041666666676 0.46258333333333335 0.06157986111111116 0.029675925925925883
0 0.4013368055555555 0.4653888888888889 0.06064236111111122 0.03283333333333337
0 0.11942708333333327 0.48171296296296295 0.027326388888888904 0.014250000000000092
0 0.2488888888888889 0.4976388888888889 0.07736111111111102 0.026490740740740648
0 0.48413194444444446 0.4977407407407407 0.0976736111111111 0.05064814814814819
0 0.18170138888888884 0.502537037037037 0.03545138888888902 0.04986111111111103
0 0.6298437499999999 0.5071388888888889 0.0731597222222222 0.04319444444444453
0 0.3774652777777777 0.5144537037037037 0.05248263888888892 0.02047222222222213
0 0.671875 0.5189537037037038 0.11973958333333298 0.06086111111111113
0 0.67234375 0.525962962962963 0.15074652777777764 0.06659259259259266
0 0.046527777777777696 0.5323981481481481 0.0813020833333332 0.05489814814814811
0 0.5356770833333333 0.5336944444444445 0.03751736111111094 0.018703703703703747
0 0.15687500000000001 0.536888888888889 0.027135416666666856 0.013907407407407391
0 0.13857638888888898 0.05547222222222222 0.03335069444444451 0.019203703703703712
0 0.3091840277777778 0.5514537037037037 0.04749999999999983 0.028518518518518478
0 0.4789409722222222 0.5568703703703703 0.023333333333333428 0.010694444444444402
0 0.5731076388888889 0.5618796296296297 0.029513888888888888 0.010749999999999907
0 0.2976736111111112 0.5651111111111111 0.02020833333333351 0.011953703703703779
0 0.21003472222222225 0.5655833333333333 0.05510416666666668 0.03387962962962955
0 0.13394097222222218 0.5666388888888889 0.06930555555555568 0.043694444444444494
0 0.0575173611111111 0.5742592592592592 0.02545138888888903 0.014583333333333334
0 0.4925520833333334 0.5947777777777777 0.05420138888888894 0.030722222222222283
0 0.03703125000000007 0.6014074074074074 0.018385416666666526 0.012898148148148207
0 0.23414930555555558 0.60825 0.02746527777777767 0.01088888888888888
0 0.12506944444444437 0.6218796296296296 0.04131944444444437 0.026268518518518417
0 0.2677777777777778 0.6251851851851852 0.06946180555555553 0.029685185185185134
0 0.4006770833333333 0.6263981481481481 0.028229166666666652 0.0139999999999999
0 0.4520833333333333 0.6389259259259259 0.05244791666666673 0.04313888888888881
0 0.47611111111111115 0.643537037037037 0.03289930555555563 0.01831481481481479
0 0.29067708333333325 0.6636111111111112 0.067829861111111 0.029370370370370397
0 0.07664930555555552 0.6735925925925926 0.08149305555555565 0.06078703703703712
0 0.18310763888888892 0.6760462962962963 0.05859375 0.048425925925925886
0 0.7350520833333335 0.08075925925925925 0.04729166666666629 0.0313888888888889