0 0.6857291666666667 0.09848148148148146 0.09897569444444482 0.05080555555555556
0 0.2290104166666666 0.14552777777777776 0.03767361111111119 0.019305555555555576
0 0.34144097222222214 0.15275 0.05953124999999994 0.02771296296296297
0 0.9107118055555554 0.1558425925925926 0.06371527777777747 0.027870370370370393
0 0.2933506944444445 0.016231481481481482 0.042708333333333175 0.021203703703703704
0 0.5057291666666666 0.16099074074074074 0.11628472222222225 0.060629629629629644
0 0.22680555555555554 0.17921296296296296 0.04147569444444462 0.015240740740740721
0 0.8942881944444443 0.21425 0.062291666666666856 0.02845370370370372
0 0.3381076388888889 0.2174351851851852 0.07447916666666682 0.03660185185185188
0 0.7488020833333332 0.23465740740740743 0.11300347222222247 0.07035185185185187
0 0.1559375000000001 0.2425462962962963 0.14190972222222223 0.13477777777777783
0 0.28032986111111113 0.24429629629629626 0.03829861111111102 0.01243518518518514
0 0.5372222222222223 0.2666851851851852 0.11531250000000012 0.06300925925925922
0 0.9921875 0.2796296296296296 0.012152777777777778 0.027777777777777776
0 0.9768229166666669 0.28121296296296294 0.030798611111110732 0.02163888888888889
0 0.034357638888888827 0.29511111111111116 0.050190972222222366 0.02337962962962963
0 0.019965277777777776 0.03148148148148148 0.03993055555555555 0.03333333333333333
0 0.3321006944444444 0.3072037037037037 0.07085069444444435 0.03369444444444443
0 0.9947916666666666 0.32083333333333336 0.006944444444444444 0.010185185185185186
0 0.5094270833333332 0.32479629629629625 0.0419097222222224 0.020314814814814865
0 0.6825173611111113 0.3257129629629629 0.08836805555555571 0.04419444444444446
0 0.048298611111111195 0.32639814814814816 0.03890625000000014 0.014518518518518472
0 0.1690798611111111 0.3292685185185185 0.03421875000000006 0.013657407407407408
0 0.9081076388888888 0.3309722222222222 0.01895833333333346 0.008833333333333299
0 0.27234375 0.33319444444444446 0.059392361111111173 0.027944444444444397
0 0.9315277777777777 0.3378240740740741 0.03315972222222206 0.014379629629629605
0 0.9565451388888889 0.33864814814814814 0.025850694444444225 0.013259259259259306
0 0.7914583333333335 0.3413981481481481 0.07043402777777806 0.04356481481481477
0 0.7194965277777778 0.3426851851851852 0.09630208333333298 0.04266666666666671
0 0.9753819444444444 0.3453611111111111 0.01506944444444416 0.007212962962962929
0 0.9904513888888888 0.35 0.015625 0.011111111111111112
0 0.49765624999999997 0.3522685185185185 0.029913194444444475 0.01735185185185186
0 0.8819618055555556 0.3525648148148148 0.030920138888888796 0.019703703703703678
0 0.2244270833333333 0.3589537037037037 0.037760416666666664 0.012046296296296288
0 0.9026562500000002 0.3608148148148148 0.019913194444444098 0.009518518518518494
0 0.4294618055555556 0.3648240740740741 0.06331597222222227 0.03179629629629632
0 0.9239930555555556 0.365 0.022031250000000096 0.010648148148148148
0 0.9438020833333335 0.36941666666666667 0.02407986111111092 0.016046296296296333
0 0.05302083333333327 0.03725 0.04836805555555538 0.03191666666666666
0 0.9642881944444446 0.37110185185185185 0.027500000000000253 0.010055555555555568
0 0.9835763888888889 0.37650925925925927 0.016614583333333616 0.0102962962962963
0 0.9939236111111112 0.38101851851851853 0.008680555555555556 0.012037037037037037
0 0.8464583333333332 0.3816481481481482 0.03111111111111124 0.013203703703703695
0 0.14036458333333338 0.38376851851851856 0.24057291666666655 0.09902777777777783
0 0.6053472222222221 0.38442592592592595 0.12477430555555576 0.0653888888888889
0 0.8938368055555554 0.3874722222222223 0.021059027777777968 0.01315740740740744
0 0.9175173611111112 0.3884074074074074 0.02687500000000003 0.01499074074074079
0 0.9363715277777777 0.39390740740740743 0.026041666666666668 0.01715740740740738
0 0.9565104166666667 0.3983888888888889 0.023802083333333397 0.011370370370370345
0 0.9739930555555555 0.40191666666666664 0.027135416666666856 0.011175925925925973
0 0.9902777777777779 0.4032037037037037 0.01717013888888867 0.0117592592592593
0 0.8179687500000001 0.4041018518518519 0.017638888888888635 0.008916666666666663
0 0.8421874999999999 0.40628703703703706 0.02454861111111089 0.0150833333333333
0 0.865 0.4125185185185185 0.030833333333333712 0.017416666666666615
0 0.8872569444444444 0.4131666666666667 0.018072916666666414 0.007564814814814777
0 0.9083159722222223 0.4156666666666667 0.022031250000000096 0.007888888888888872
0 0.9269444444444446 0.4175462962962963 0.019791666666666825 0.010611111111111144
0 0.5193229166666666 0.4186944444444444 0.0575347222222224 0.028703703703703703
0 0.9661631944444444 0.42162962962962963 0.030104166666666918 0.015407407407407394
0 0.9484201388888889 0.42180555555555554 0.02673611111111127 0.011583333333333326
0 0.021128472222222153 0.42400925925925925 0.029913194444444475 0.013564814814814793
0 0.9828993055555557 0.42526851851851855 0.023663194444444632 0.01089814814814813
0 0.9930555555555556 0.42777777777777776 0.010416666666666666 0.007407407407407408
0 0.7855555555555556 0.42892592592592593 0.02687500000000003 0.009592592592592606
0 0.8113020833333332 0.42937962962962967 0.022378472222222 0.014481481481481468
0 0.8350000000000001 0.4335555555555556 0.01684027777777746 0.007990740740740736
0 0.36487847222222214 0.436 0.19194444444444436 0.09646296296296303
0 0.8571354166666667 0.4361296296296296 0.02250000000000006 0.011166666666666616
0 0.8782465277777776 0.4382037037037037 0.018732638888888827 0.011407407407407453
0 0.8982812500000001 0.44044444444444447 0.01888888888888908 0.007851851851851869
0 0.9184375 0.4430185185185185 0.021423611111111365 0.009879629629629592
0 0.9324479166666665 0.44369444444444445 0.01958333333333368 0.010101851851851822
0 0.9523090277777777 0.4459351851851852 0.015902777777777526 0.009703703703703721
0 0.15857638888888895 0.44615740740740745 0.0372743055555556 0.02377777777777773
0 0.9694097222222224 0.4472962962962963 0.01501736111111127 0.007712962962963
0 0.9852604166666666 0.44958333333333333 0.015815972222222443 0.007037037037037058
0 0.7561111111111111 0.4503240740740741 0.019149305555555902 0.009768518518518477
0 0.7819444444444446 0.45232407407407405 0.026666666666666887 0.01206481481481479
0 0.8019618055555556 0.45796296296296296 0.02461805555555527 0.01529629629629628
0 0.8267708333333333 0.4583240740740741 0.016250000000000223 0.01512962962962966
0 0.8508333333333332 0.4588148148148148 0.023854166666666288 0.00949074074074074
0 0.8713368055555557 0.46015740740740746 0.020190972222222412 0.011731481481481443
0 0.8901041666666667 0.46214814814814814 0.01564236111111149 0.010203703703703687
0 0.09635416666666667 0.4634259259259259 0.19270833333333334 0.07314814814814814
0 0.9085069444444444 0.46497222222222223 0.021145833333333048 0.007574074074074027
0 0.9291493055555556 0.46537962962962964 0.021388888888889172 0.00948148148148149
0 0.3007986111111111 0.46550925925925923 0.10677083333333333 0.033055555555555595
0 0.9624131944444443 0.4665462962962963 0.021701388888888888 0.012361111111111132
0 0.9439409722222223 0.4670092592592593 0.01506944444444416 0.008425925925925948
0 0.7563020833333335 0.4700462962962963 0.026684027777777588 0.01930555555555547
0 0.7303298611111112 0.4722222222222222 0.015798611111110954 0.010305555555555656
0 0.7791319444444444 0.47531481481481486 0.028732638888889203 0.014240740740740842
0 0.017361111111111112 0.4759259259259259 0.034722222222222224 0.037037037037037035
0 0.8017013888888889 0.4772222222222222 0.019982638888889268 0.010425925925925918
0 0.8703645833333332 0.47833333333333333 0.02338541666666632 0.010953703703703636
0 0.8232465277777778 0.47837037037037033 0.020486111111111427 0.011981481481481532
0 0.005208333333333333 0.4787037037037037 0.010416666666666666 0.024074074074074074
0 0.8454861111111112 0.47975 0.019305555555555368 0.013055555555555471
0 0.24135416666666665 0.4803425925925926 0.042378472222222366 0.016333333333333425
0 0.9029861111111109 0.48198148148148146 0.016284722222222412 0.009120370370370286
0 0.8872743055555554 0.48214814814814816 0.02640625000000006 0.011527777777777819
0 0.2747395833333333 0.4828703703703704 0.044149305555555664 0.015805555555555496
0 0.9206249999999999 0.4832037037037037 0.01614583333333365 0.009972222222222205
0 0.9353298611111112 0.4854907407407408 0.01680555555555527 0.007805555555555614
0 0.5128125 0.4912037037037037 0.04449652777777797 0.020166666666666642
0 0.72703125 0.4955 0.023593750000000253 0.01412037037037037
0 0.7522048611111111 0.49623148148148144 0.016961805555555525 0.0060740740740740234
0 0.7777951388888888 0.4964074074074074 0.021961805555555713 0.006833333333333434
0 0.7997048611111113 0.49713888888888885 0.016493055555555556 0.008648148148148072
0 0.8420486111111111 0.4990092592592592 0.02062500000000019 0.010935185185185135
0 0.8193229166666668 0.4991296296296296 0.020347222222221874 0.008222222222222323
0 0.8585416666666666 0.5005740740740741 0.019756944444444632 0.009296296296296263
0 0.8949305555555556 0.5015555555555555 0.02223958333333324 0.011037037037037104
0 0.8770312500000002 0.5018888888888888 0.017222222222222347 0.009342592592592517
0 0.9121527777777779 0.5023055555555556 0.018177083333332986 0.007611111111111136
0 0.44414930555555565 0.5049074074074074 0.05390624999999992 0.023555555555555607
0 0.014756944444444444 0.5055555555555555 0.029513888888888888 0.018518518518518517
0 0.22420138888888885 0.5122685185185185 0.07515624999999994 0.02769444444444452
0 0.7498784722222224 0.5153981481481481 0.018697916666666634 0.009333333333333266
0 0.7714930555555557 0.517212962962963 0.022430555555555683 0.010166666666666683
0 0.8521180555555554 0.5176388888888889 0.015190972222222222 0.00850925925925931
0 0.7929340277777778 0.5178981481481482 0.01902777777777784 0.010416666666666666
0 0.8349131944444446 0.5180925925925925 0.020260416666666795 0.013657407407407408
0 0.7256597222222223 0.5183055555555556 0.030190972222222 0.01606481481481473
0 0.8165104166666666 0.5188796296296296 0.02291666666666635 0.013814814814814882
0 0.8700694444444446 0.5192962962962964 0.023020833333333712 0.008842592592592551
0 0.8879861111111111 0.5193888888888889 0.014079861111111333 0.007425925925925909
0 0.0891493055555556 0.52125 0.0618055555555554 0.03890740740740739
0 0.47248263888888886 0.5213703703703704 0.0309027777777777 0.014518518518518578
0 0.5725 0.5219351851851852 0.021406249999999873 0.01044444444444442
0 0.5281597222222223 0.5242037037037037 0.0689062500000001 0.06082407407407413
0 0.043628472222222214 0.5263981481481481 0.03782986111111105 0.03411111111111104
0 0.07440972222222225 0.5280092592592592 0.05013888888888908 0.03620370370370362
0 0.3734201388888889 0.5340092592592592 0.11888888888888892 0.0786666666666667
0 0.7703298611111111 0.5345462962962962 0.021614583333333017 0.0099166666666667
0 0.8299305555555555 0.5352685185185185 0.020902777777777715 0.0076574074074073906
0 0.8661805555555557 0.5352685185185185 0.01340277777777743 0.009277777777777762
0 0.8094444444444444 0.5357777777777778 0.008767361111111427 0.006629629629629706
0 0.8491666666666665 0.5358148148148147 0.01612847222222216 0.007361111111111153
0 0.7900694444444443 0.5359166666666666 0.014809027777778126 0.009194444444444503
0 0.7470138888888889 0.536037037037037 0.02510416666666673 0.015833333333333248
0 0.12185763888888898 0.5483981481481481 0.05909722222222216 0.026685185185185128
0 0.1005381944444444 0.5511203703703704 0.024843749999999904 0.014240740740740842
0 0.8225868055555554 0.5525462962962963 0.021406249999999873 0.009944444444444454
0 0.8043229166666666 0.5531666666666666 0.015225694444444413 0.011537037037037071
0 0.8399652777777776 0.553888888888889 0.014409722222222539 0.007249999999999933
0 0.4637152777777778 0.5554537037037037 0.041666666666666664 0.032416666666666656
0 0.4088541666666667 0.056240740740740744 0.06454861111111122 0.03561111111111111
0 0.7611284722222224 0.555962962962963 0.02069444444444457 0.013629629629629655
0 0.0834548611111112 0.5634444444444444 0.02003472222222216 0.018222222222222282
0 0.11880208333333325 0.5677129629629629 0.017361111111111112 0.009425925925925985
0 0.82203125 0.5689444444444445 0.0255902777777774 0.0135648148148149
0 0.8006250000000001 0.5699537037037037 0.02225694444444473 0.012768518518518485
0 0.21269097222222222 0.5703611111111111 0.05420138888888894 0.020305555555555615
0 0.7795138888888888 0.5707777777777778 0.022534722222222255 0.013537037037036936
0 0.760763888888889 0.5708240740740741 0.016163194444444348 0.007388888888888906
0 0.28263888888888883 0.5736851851851852 0.029565972222222174 0.01185185185185181
0 0.536232638888889 0.5757222222222222 0.052552083333333305 0.027111111111111086
0 0.5946180555555556 0.576324074074074 0.02996527777777776 0.0117592592592593
0 0.759704861111111 0.5872685185185185 0.02163194444444451 0.016194444444444452
0 0.020833333333333332 0.5925925925925926 0.041666666666666664 0.024074074074074074
0 0.5975694444444445 0.5939722222222222 0.012361111111110922 0.010175925925925934
0 0.18456597222222212 0.6004722222222222 0.052465277777777826 0.023990740740740816
0 0.4528472222222223 0.6033333333333334 0.0450868055555556 0.035046296296296214
0 0.6266840277777779 0.6089166666666667 0.015173611111110732 0.008888888888888804
0 0.29322916666666665 0.6096018518518519 0.021406249999999873 0.011037037037037104
0 0.574982638888889 0.6142777777777777 0.018802083333333205 0.017620370370370345
0 0.28625 0.6411481481481482 0.08708333333333347 0.04170370370370367
0 0.20760416666666673 0.6458425925925926 0.03984375000000008 0.0197962962962964
0 0.2094791666666666 0.6501018518518519 0.041597222222222285 0.02932407407407414
0 0.6167881944444444 0.6541111111111112 0.012829861111111087 0.009425925925925985
0 0.40003472222222214 0.6558703703703704 0.058940972222222304 0.018055555555555554
0 0.5696006944444445 0.6582407407407407 0.014079861111110937 0.008768518518518544
0 0.5177430555555556 0.6631296296296296 0.011336805555555508 0.009240740740740758
0 0.6178645833333335 0.6763611111111112 0.011961805555555335 0.009388888888888981
0 0.5699652777777777 0.6813148148148148 0.014045138888888746 0.009990740740740706
0 0.5196180555555555 0.6875462962962963 0.012031250000000111 0.010305555555555656
0 0.1743576388888888 0.07582407407407407 0.03756944444444462 0.016185185185185174
0 0.2897743055555555 0.08398148148148149 0.061423611111111304 0.029212962962962972
0 0.9338715277777779 0.08975000000000001 0.0859375 0.04827777777777777