0 0.13152777777777777 0.1910925925925926 0.055277777777777634 0.02092592592592595
0 0.37661458333333325 0.2142314814814815 0.034947916666666856 0.014435185185185162
0 0.9173958333333334 0.2260462962962963 0.12623263888888894 0.054351851851851894
0 0.7043229166666668 0.23068518518518516 0.03843749999999978 0.021064814814814814
0 0.46385416666666657 0.23739814814814814 0.05623263888888906 0.022611111111111075
0 0.549704861111111 0.25002777777777774 0.028749999999999904 0.014249999999999987
0 0.677673611111111 0.2759259259259259 0.04739583333333365 0.02177777777777776
0 0.74828125 0.2860925925925926 0.046961805555555874 0.019481481481481447
0 0.9355381944444443 0.28887962962962965 0.039774305555555306 0.015194444444444415
0 0.022569444444444444 0.29074074074074074 0.04513888888888889 0.03518518518518519
0 0.6173437499999999 0.29816666666666664 0.021475694444444256 0.011703703703703692
0 0.6931076388888889 0.3290370370370371 0.0493923611111108 0.02213888888888886
0 0.9377256944444446 0.3353425925925926 0.04057291666666648 0.016268518518518564
0 0.49809027777777776 0.34162037037037035 0.025434027777777937 0.01347222222222218
0 0.22019097222222228 0.3527314814814815 0.13088541666666684 0.11368518518518515
0 0.7102951388888891 0.382962962962963 0.04859374999999962 0.021703703703703753
0 0.6269097222222221 0.39273148148148146 0.018055555555555713 0.011416666666666705
0 0.3952430555555555 0.4121944444444445 0.21982638888888908 0.05088888888888892
0 0.9399652777777779 0.42894444444444446 0.04244791666666635 0.051527777777777756
0 0.9348784722222222 0.477824074074074 0.02345486111111149 0.011240740740740834
0 0.7155555555555557 0.4864907407407407 0.078125 0.02671296296296288
0 0.10074652777777773 0.4975462962962963 0.07769097222222222 0.03528703703703694
0 0.22286458333333334 0.5074351851851852 0.11350694444444424 0.1275277777777778
0 0.4794270833333333 0.5102407407407407 0.020451388888888842 0.01216666666666676
0 0.7499826388888889 0.5462592592592593 0.10848958333333296 0.061342592592592594
0 0.3420138888888889 0.5518333333333334 0.042135416666666634 0.019861111111111152
0 0.5813020833333334 0.5614629629629629 0.017795138888888888 0.01087037037037038
0 0.7958159722222224 0.6131018518518518 0.03921875000000025 0.020018518518518418
0 0.4704166666666667 0.6243888888888889 0.022552083333333348 0.014935185185185286
0 0.7843402777777777 0.6446574074074074 0.039895833333333366 0.02640740740740739
0 0.8666319444444446 0.6508333333333333 0.0365451388888892 0.01499074074074079
0 0.037065972222222264 0.6643981481481481 0.059409722222222267 0.03558333333333339
0 0.6747395833333335 0.671537037037037 0.09854166666666704 0.05355555555555548
0 0.22385416666666677 0.6829166666666666 0.2116145833333335 0.08512037037037043