0 0.26291666666666674 0.2219722222222222 0.09565972222222206 0.08375925925925924
0 0.47069444444444447 0.23053703703703704 0.09802083333333339 0.04811111111111109
0 0.38289930555555546 0.23587037037037037 0.050052083333333205 0.02360185185185186
0 0.33585069444444454 0.2874259259259259 0.048836805555555744 0.02300925925925928
0 0.1804166666666666 0.30342592592592593 0.13899305555555547 0.07628703703703703
0 0.28953124999999996 0.3397685185185185 0.04993055555555554 0.021657407407407396
0 0.5527604166666666 0.34837962962962965 0.026909722222222224 0.018509259259259267
0 0.15258680555555554 0.3669537037037037 0.03020833333333349 0.02088888888888884
0 0.24208333333333343 0.3907314814814815 0.04880208333333316 0.02174074074074076
0 0.04600694444444445 0.39861111111111114 0.0920138888888889 0.09351851851851851
0 0.10125000000000009 0.4544259259259259 0.17859375000000022 0.08976851851851857
0 0.34864583333333343 0.4693981481481481 0.11607638888888872 0.06259259259259262
0 0.4807465277777777 0.4718703703703704 0.14229166666666673 0.0863425925925926
0 0.07071180555555559 0.5141388888888889 0.059565972222222124 0.029657407407407382
0 0.04460069444444454 0.5382499999999999 0.05659722222222206 0.03323148148148158
0 0.1668923611111111 0.5425925925925926 0.025086805555555633 0.010814814814814874
0 0.15048611111111102 0.5467222222222222 0.011597222222222333 0.010564814814814891
0 0.46032986111111107 0.5620648148148147 0.16151041666666663 0.0746018518518518
0 0.23251736111111102 0.5657962962962962 0.05192708333333348 0.028805555555555463
0 0.046875 0.6458333333333334 0.09375 0.06574074074074074
0 0.3173437499999999 0.7212314814814814 0.09861111111111104 0.07394444444444435