0 0.9503645833333335 0.21531481481481482 0.052621527777777684 0.022194444444444416
0 0.786111111111111 0.2556296296296296 0.05387152777777812 0.022222222222222223
0 0.4215277777777777 0.2689166666666667 0.09569444444444425 0.08319444444444446
0 0.5367881944444446 0.27874074074074073 0.15043402777777792 0.045379629629629624
0 0.8108333333333333 0.2961388888888889 0.03597222222222188 0.03243518518518516
0 0.847951388888889 0.31369444444444444 0.04847222222222235 0.03258333333333328
0 0.47713541666666676 0.3172777777777778 0.03961805555555545 0.01891666666666662
0 0.7096527777777778 0.3183888888888889 0.05088541666666657 0.01999074074074077
0 0.9869791666666666 0.350462962962963 0.022569444444444444 0.08981481481481482
0 0.4220312500000001 0.35471296296296295 0.03753472222222203 0.017435185185185224
0 0.5233506944444445 0.3803333333333333 0.013211805555555381 0.008212962962962967
0 0.5472048611111112 0.3816481481481482 0.017482638888888777 0.015379629629629642
0 0.40149305555555553 0.39535185185185184 0.03715277777777794 0.017074074074074123
0 0.7960590277777777 0.4079814814814815 0.05105902777777752 0.028675925925925952
0 0.6682465277777779 0.4258240740740741 0.1942534722222222 0.10739814814814816
0 0.3341319444444445 0.4468518518518519 0.08706597222222238 0.06526851851851853
0 0.31307291666666676 0.4912777777777778 0.021493055555555744 0.01714814814814813
0 0.9293749999999998 0.4978148148148148 0.07026041666666633 0.03230555555555565
0 0.9930555555555556 0.5046296296296297 0.010416666666666666 0.11851851851851852
0 0.5337847222222223 0.5222962962962964 0.08609374999999986 0.05603703703703702
0 0.6350694444444444 0.5505648148148148 0.10467013888888882 0.08086111111111105
0 0.2865798611111112 0.571212962962963 0.01732638888888892 0.012453703703703746
0 0.7836458333333335 0.5745833333333333 0.09916666666666647 0.037361111111111026
0 0.3288194444444444 0.6039907407407407 0.018906250000000173 0.011972222222222282
0 0.29097222222222224 0.6203981481481481 0.017239583333333443 0.010537037037037138
0 0.8834027777777776 0.6473888888888888 0.054305555555555905 0.029935185185185117
0 0.9774305555555556 0.65 0.041666666666666664 0.04259259259259259
0 0.32822916666666657 0.6736574074074073 0.06810763888888892 0.04751851851851846
0 0.7900694444444443 0.7430000000000001 0.04857638888888892 0.02058333333333335