0 0.18234374999999994 0.20547222222222222 0.04171874999999995 0.015601851851851874
0 0.7668576388888889 0.20826851851851852 0.1356944444444442 0.055250000000000014
0 0.5320312500000001 0.21755555555555556 0.04274305555555537 0.02176851851851851
0 0.2726215277777777 0.22852777777777777 0.06079861111111108 0.024240740740740695
0 0.36524305555555553 0.2396851851851852 0.02720486111111124 0.014675925925925946
0 0.9461805555555556 0.2587962962962963 0.10416666666666667 0.04722222222222222
0 0.5022048611111111 0.26566666666666666 0.050572916666666856 0.02294444444444442
0 0.57765625 0.2750648148148148 0.04486111111111097 0.02043518518518523
0 0.7835069444444444 0.27575 0.042829861111111235 0.015861111111111107
0 0.43689236111111107 0.2894907407407407 0.02279513888888908 0.011194444444444474
0 0.5195138888888889 0.3216851851851852 0.049809027777777876 0.022481481481481456
0 0.7846006944444446 0.3257222222222222 0.04015625000000019 0.017611111111111095
0 0.30781249999999993 0.33623148148148146 0.025381944444444256 0.013833333333333383
0 0.04079861111111111 0.350462962962963 0.08159722222222222 0.1175925925925926
0 0.9869791666666666 0.36666666666666664 0.022569444444444444 0.07222222222222222
0 0.5364062500000001 0.3775925925925926 0.050173611111111266 0.02178703703703701
0 0.44434027777777785 0.3891296296296296 0.020538194444444317 0.010962962962962992
0 0.8864756944444443 0.4005648148148148 0.05456597222222194 0.03697222222222218
0 0.1949131944444444 0.4103425925925926 0.23524305555555555 0.05060185185185183
0 0.8830729166666669 0.4247314814814815 0.035295138888888765 0.017537037037037087
0 0.7853819444444446 0.4253888888888889 0.04302083333333368 0.05413888888888892
0 0.7773958333333333 0.4772592592592593 0.02180555555555546 0.011472222222222314
0 0.5373958333333333 0.48763888888888884 0.08097222222222239 0.02629629629629638
0 0.9802083333333331 0.493574074074074 0.026493055555555936 0.011611111111111077
0 0.03298611111111111 0.5101851851851852 0.06597222222222222 0.13333333333333333
0 0.2819097222222222 0.5128518518518519 0.019427083333333428 0.011379629629629595
0 0.5747222222222221 0.5507592592592593 0.11369791666666648 0.06274074074074074
0 0.13055555555555565 0.5566018518518518 0.04460069444444454 0.019990740740740667
0 0.3890972222222222 0.5666481481481481 0.019583333333333286 0.010657407407407398
0 0.8606076388888889 0.571962962962963 0.02234374999999981 0.013935185185185143
0 0.6173958333333331 0.6220555555555556 0.03592013888888898 0.021898148148148232
0 0.8915104166666666 0.6384722222222222 0.06137152777777762 0.027824074074074032
0 0.6024826388888889 0.6564722222222222 0.03819444444444445 0.02887962962962968
0 0.6875347222222222 0.6638148148148147 0.0373090277777774 0.015611111111111018
0 0.48491319444444436 0.6846111111111111 0.10574652777777792 0.054759259259259355
0 0.0546875 0.6930555555555555 0.109375 0.08611111111111111
0 0.9626736111111112 0.7263888888888889 0.07118055555555555 0.06944444444444445