0 0.17482638888888896 0.10852777777777778 0.14055555555555563 0.059111111111111114
0 0.4215972222222223 0.13875925925925928 0.04031250000000005 0.019287037037037023
0 0.34248263888888886 0.15976851851851853 0.0866666666666668 0.053944444444444434
0 0.18881944444444443 0.18037037037037038 0.04293402777777781 0.017601851851851844
0 0.18894097222222228 0.2336851851851852 0.043315972222222304 0.018564814814814774
0 0.5397048611111112 0.24925 0.08293402777777775 0.07748148148148143
0 0.42428819444444443 0.27749999999999997 0.07267361111111094 0.07733333333333332
0 0.29428819444444443 0.31400925925925927 0.0557465277777776 0.039240740740740736
0 0.18838541666666664 0.3409537037037037 0.04819444444444443 0.05935185185185187
0 0.29531250000000003 0.34112962962962967 0.04451388888888906 0.021583333333333284
0 0.5394618055555556 0.3863240740740741 0.022638888888888827 0.010574074074074036
0 0.17892361111111102 0.3971296296296296 0.02211805555555557 0.011583333333333326
0 0.3836284722222223 0.41344444444444445 0.025746527777777653 0.01126851851851848
0 0.5253125000000001 0.44591666666666663 0.11076388888888881 0.07587037037037031
0 0.4406944444444445 0.46752777777777776 0.031180555555555618 0.01557407407407412
0 0.25407986111111114 0.49574999999999997 0.02453125000000019 0.014314814814814848
0 0.4709722222222222 0.5303425925925925 0.1207812499999999 0.08315740740740736
0 0.6788888888888889 0.5465277777777777 0.026284722222222 0.015537037037037012
0 0.27536458333333336 0.5651296296296296 0.060173611111111254 0.028194444444444487
0 0.05328125000000009 0.5930648148148148 0.03960069444444435 0.016453703703703686
0 0.5957638888888889 0.608712962962963 0.03260416666666662 0.018453703703703764
0 0.35890625000000004 0.6571574074074075 0.11869791666666647 0.06798148148148155