0 0.9791666666666666 0.2111111111111111 0.03819444444444445 0.027777777777777776
0 0.5868576388888889 0.24332407407407408 0.10131944444444446 0.0930092592592593
0 0.7093229166666666 0.2473611111111111 0.16423611111111094 0.05365740740740745
0 0.9023090277777778 0.28532407407407406 0.06027777777777743 0.024916666666666636
0 0.6440798611111112 0.2932777777777778 0.04192708333333349 0.022194444444444468
0 0.5837326388888889 0.33661111111111114 0.04104166666666684 0.020324074074074116
0 0.6877604166666669 0.3620462962962963 0.01682291666666676 0.00933333333333337
0 0.7159548611111113 0.3631666666666667 0.022187500000000346 0.017888888888888937
0 0.5627604166666667 0.3819166666666667 0.041128472222222316 0.01992592592592591
0 0.984375 0.38564814814814813 0.027777777777777776 0.03425925925925926
0 0.8540277777777779 0.4103981481481482 0.221597222222222 0.12027777777777776
0 0.4923437500000001 0.43926851851851856 0.08796875000000012 0.07026851851851851
0 0.4705034722222222 0.4881203703703703 0.02460069444444457 0.018250000000000034
0 0.702361111111111 0.5201759259259259 0.09397569444444463 0.06188888888888881
0 0.8146701388888888 0.5529537037037038 0.11663194444444416 0.09229629629629635
0 0.4415625000000001 0.5742685185185186 0.01586805555555573 0.012361111111111028
0 0.9644097222222222 0.5810185185185185 0.06770833333333333 0.04351851851851852
0 0.48571180555555554 0.611037037037037 0.02072916666666676 0.01272222222222223
0 0.44685763888888885 0.627537037037037 0.017135416666666476 0.011398148148148098
0 0.4851041666666666 0.6857037037037037 0.07197916666666673 0.052435185185185286
0 0.9835069444444444 0.7782407407407408 0.029513888888888888 0.026851851851851852