0 0.5795486111111112 0.10016666666666667 0.04107638888888903 0.023462962962962967
0 0.4852430555555556 0.12172222222222223 0.11920138888888904 0.061287037037037036
0 0.03975694444444441 0.1323425925925926 0.056371527777777826 0.02469444444444446
0 0.30046875000000006 0.14157407407407407 0.05265624999999988 0.02087037037037039
0 0.3005555555555556 0.20230555555555557 0.051388888888888734 0.021379629629629606
0 0.69703125 0.22748148148148148 0.09107638888888896 0.08384259259259255
0 0.5676562500000001 0.2566851851851852 0.08177083333333318 0.08744444444444449
0 0.009548611111111112 0.25787037037037036 0.019097222222222224 0.030555555555555555
0 0.4204513888888888 0.2953703703703704 0.06508680555555557 0.04542592592592588
0 0.30095486111111114 0.32340740740740737 0.058072916666666745 0.0676111111111111
0 0.4165277777777777 0.32412962962962966 0.045416666666666806 0.02296296296296292
0 0.7010243055555555 0.3789814814814815 0.023246527777777557 0.011935185185185172
0 0.28822916666666665 0.38763888888888887 0.02746527777777767 0.01287037037037035
0 0.014756944444444444 0.3958333333333333 0.029513888888888888 0.032407407407407406
0 0.5263368055555555 0.4079259259259259 0.032430555555555664 0.013888888888888888
0 0.6887326388888889 0.4455092592592592 0.1217708333333331 0.08564814814814815
0 0.592986111111111 0.46914814814814815 0.03394097222222214 0.016518518518518547
0 0.050347222222222224 0.4736111111111111 0.10069444444444445 0.08055555555555556
0 0.3792013888888888 0.5002777777777777 0.028402777777777603 0.016712962962962923
0 0.6310069444444445 0.5401666666666667 0.13734375000000001 0.09431481481481473
0 0.8755034722222221 0.5594351851851852 0.029270833333333555 0.01721296296296289
0 0.07178819444444448 0.5626388888888889 0.040052083333333224 0.025592592592592684
0 0.40888888888888886 0.5787685185185185 0.0724826388888889 0.034361111111111016
0 0.2828298611111111 0.05997222222222222 0.1661631944444445 0.0714074074074074
0 0.04663194444444447 0.6044351851851851 0.04513888888888889 0.03462962962962971
0 0.006944444444444444 0.06157407407407407 0.013888888888888888 0.026851851851851852
0 0.15180555555555564 0.6122222222222222 0.04937500000000009 0.0187685185185185
0 0.7995659722222221 0.6300925925925925 0.03901041666666632 0.021712962962963007
0 0.5116145833333334 0.6836944444444444 0.1381076388888888 0.0819537037037037