0 0.5802951388888888 0.09976851851851852 0.04116319444444451 0.02438888888888889
0 0.48678819444444443 0.12193518518518519 0.11546874999999998 0.061777777777777806
0 0.03975694444444441 0.13337037037037036 0.05383680555555554 0.02369444444444442
0 0.29960069444444454 0.1408888888888889 0.05124999999999997 0.02021296296296295
0 0.3000520833333334 0.20248148148148148 0.052152777777777715 0.02300925925925928
0 0.6968055555555553 0.22743518518518518 0.09187500000000012 0.08372222222222218
0 0.5663368055555557 0.25599074074074074 0.07998263888888878 0.08837037037037042
0 0.009548611111111112 0.25787037037037036 0.019097222222222224 0.030555555555555555
0 0.4211284722222223 0.29493518518518513 0.06572916666666649 0.04587962962962959
0 0.29878472222222224 0.32316666666666666 0.05250000000000002 0.0676296296296296
0 0.4163888888888889 0.32485185185185184 0.04175347222222214 0.022379629629629593
0 0.700173611111111 0.3784814814814815 0.022013888888888604 0.010629629629629647
0 0.2883506944444445 0.3869444444444444 0.023628472222222047 0.013333333333333312
0 0.014756944444444444 0.39490740740740743 0.029513888888888888 0.03611111111111111
0 0.5247048611111111 0.40747222222222224 0.02880208333333319 0.013046296296296325
0 0.6890625000000001 0.44529629629629625 0.11928819444444451 0.08399074074074077
0 0.5934201388888888 0.4691851851851852 0.03460069444444455 0.016324074074074175
0 0.050347222222222224 0.4740740740740741 0.10069444444444445 0.07962962962962963
0 0.37909722222222225 0.5002685185185185 0.025034722222222347 0.016462962962962936
0 0.6297222222222223 0.5404722222222222 0.1342361111111112 0.09170370370370368
0 0.8759374999999999 0.5589166666666666 0.027604166666666825 0.017750000000000068
0 0.07236111111111103 0.5628333333333333 0.03968749999999983 0.024611111111111045
0 0.4067361111111111 0.5790462962962963 0.07142361111111128 0.03319444444444436
0 0.2830034722222222 0.05973148148148149 0.16274305555555557 0.07007407407407408
0 0.04618055555555559 0.6045092592592592 0.04321180555555573 0.03384259259259255
0 0.006076388888888889 0.06157407407407407 0.012152777777777778 0.026851851851851852
0 0.1534375 0.6119444444444444 0.04741319444444435 0.019129629629629705
0 0.7991666666666666 0.6294814814814815 0.035989583333333366 0.020379629629629623
0 0.5111284722222221 0.6833611111111111 0.13645833333333318 0.08162037037037045